; ---------------------------------- 
; RastaConverter by Ilmenit v.Beta6
; ---------------------------------- 
missiles
:256 .byte $fe
player0
	.he 00 00 00 00 00 00 00 00 00 00 00 00 00 00 00 00
	.he 00 00 00 00 00 00 00 00 00 00 00 00 00 00 00 00
	.he 00 00 00 00 00 00 00 00 00 00 00 00 00 00 00 00
	.he 00 00 00 00 00 00 00 00 00 00 00 00 00 00 00 E0
	.he F0 F0 E4 E4 E4 E4 E4 E4 E4 E2 E2 E2 E2 E2 E2 E2
	.he 3F 3F 3B 3D 19 1D E2 E2 E3 E3 E7 00 00 00 00 00
	.he 00 00 00 00 00 00 00 00 00 00 00 00 00 00 00 00
	.he 00 00 00 00 00 00 00 00 00 00 00 00 00 00 00 00
	.he 00 00 00 00 00 00 00 00 00 00 00 00 00 00 00 00
	.he 00 00 00 00 00 00 00 00 00 00 00 00 00 02 3F 3F
	.he 00 3F 00 00 00 00 00 00 00 00 00 00 00 00 00 00
	.he 00 00 00 00 00 00 00 00 00 00 00 00 00 00 00 00
	.he 00 00 00 00 00 00 00 00 00 00 0F 00 00 00 00 00
	.he 00 00 00 00 00 00 00 00 00 00 00 00 00 00 00 00
	.he 00 00 00 00 00 00 00 00 00 00 00 00 00 00 00 00
	.he 00 00 00 00 00 00 00 00 00 00 00 00 00 00 00 00
player1
	.he 00 00 00 00 00 00 00 00 00 00 00 00 00 00 00 00
	.he 00 00 00 00 00 00 00 00 00 00 00 00 00 00 00 00
	.he 00 00 00 00 00 00 00 00 00 00 00 00 00 00 00 00
	.he 00 00 00 00 00 00 00 00 00 00 00 00 00 E0 E0 00
	.he 00 00 00 00 00 00 00 00 02 00 00 00 00 00 00 00
	.he 00 00 04 02 24 20 00 01 00 00 00 00 00 00 00 02
	.he 00 00 00 00 00 04 00 00 00 00 00 00 00 00 00 00
	.he 00 00 00 00 00 00 00 00 00 00 00 00 00 00 00 00
	.he 00 00 00 00 00 00 00 00 00 00 00 00 00 00 00 00
	.he 00 00 00 00 00 00 00 00 00 00 00 00 00 00 00 00
	.he 00 00 00 00 00 00 00 00 00 00 00 00 00 00 00 00
	.he 00 00 00 00 00 00 00 00 00 00 00 00 00 01 01 01
	.he 00 00 00 00 00 00 00 00 00 00 00 00 00 04 FE FE
	.he 00 00 00 00 00 00 00 00 00 00 00 00 00 00 00 00
	.he 00 00 00 00 00 00 00 00 00 00 00 00 00 00 00 00
	.he 00 00 00 00 00 00 00 00 00 00 00 00 00 00 00 00
player2
	.he 00 00 00 00 00 00 00 00 00 00 00 00 00 00 00 00
	.he 00 00 00 00 00 00 00 00 00 00 00 00 00 00 00 00
	.he 00 00 00 00 00 00 00 00 00 00 00 00 00 00 00 00
	.he 00 00 00 00 00 00 00 00 00 00 00 00 00 00 00 00
	.he 00 00 00 00 00 00 00 00 00 1D 0E 0E 0E 0E 1D 1D
	.he 00 00 00 00 00 00 1D 1C 1C 1C 70 03 00 00 00 00
	.he 00 18 18 18 18 10 10 10 10 10 00 00 02 02 03 04
	.he 04 08 08 00 00 00 00 10 10 00 00 00 04 00 00 00
	.he 00 00 00 00 00 00 00 00 00 00 00 00 00 00 20 20
	.he 00 00 00 00 00 00 37 23 24 3F 3F 3F 00 00 00 00
	.he 3F 00 3F 3F 3F 00 00 00 00 00 00 00 01 00 01 03
	.he 02 06 06 00 0C 08 00 00 00 00 00 00 00 00 00 1F
	.he 3F 3F 00 00 00 00 00 00 00 00 00 00 00 00 00 00
	.he 00 00 00 00 00 00 00 00 00 00 00 00 00 00 00 00
	.he 00 00 00 00 00 00 00 00 00 00 00 00 00 00 00 00
	.he 00 00 00 00 00 00 00 00 00 00 00 00 00 00 00 00
player3
	.he 00 00 00 00 00 00 00 00 00 00 00 00 00 00 00 00
	.he 00 00 00 00 00 00 00 00 00 00 00 00 00 00 00 00
	.he E2 E3 E7 FF FF FF FF FF FF FF 5C 58 58 58 58 58
	.he 58 58 58 FF FF FF FF FF FF FF FF FF FF FF 42 42
	.he FF FF FF FF FF FF FF FF DF 00 01 01 00 00 00 00
	.he 00 00 00 00 00 00 00 00 00 00 00 E7 7E 7E 7E E3
	.he E7 E7 E7 E7 E7 E7 EF EF EF EF FF FF FD FD FC F9
	.he F8 F6 14 1E 1F 1F 1F 2D 2C 39 30 70 70 74 7C 7C
	.he EC EC 00 00 00 00 00 00 00 00 00 00 00 00 00 00
	.he 00 00 00 00 00 00 00 00 00 00 00 00 00 00 00 00
	.he 00 00 00 00 00 00 00 00 00 00 00 00 00 00 00 00
	.he 00 00 00 00 00 00 00 00 00 00 00 00 00 00 00 00
	.he 00 00 00 00 00 00 00 00 00 3E 3D 00 00 03 01 01
	.he 00 00 00 00 00 00 00 00 00 00 00 00 00 00 00 00
	.he 00 00 00 00 00 00 00 00 00 00 00 00 00 00 00 00
	.he 00 00 00 00 00 00 00 00 00 00 00 00 00 00 00 00
