; ---------------------------------- 
; RastaConverter by Ilmenit v.Beta6
; ---------------------------------- 
missiles
:256 .byte $fe
player0
	.he 00 00 00 00 00 00 00 00 F0 F0 F0 F0 F0 F0 F0 00
	.he F0 F0 F0 F0 00 00 00 00 00 00 00 00 00 00 00 00
	.he 00 00 00 00 00 00 00 00 00 00 00 00 00 00 00 00
	.he 00 00 00 00 00 00 00 00 00 00 00 00 00 00 00 00
	.he 00 00 00 00 00 00 00 00 00 00 00 00 00 00 00 00
	.he 00 00 00 00 00 00 00 00 00 00 00 00 00 00 00 00
	.he 00 00 00 00 00 00 00 00 00 00 00 00 00 00 00 00
	.he 00 00 00 00 00 00 00 00 00 00 00 00 00 00 00 00
	.he 00 00 00 00 00 00 00 00 00 00 00 00 00 00 00 00
	.he 00 00 00 00 00 00 00 00 00 00 00 00 00 00 00 00
	.he 00 00 00 00 00 00 00 00 00 00 00 00 00 00 00 00
	.he 00 00 00 00 00 00 00 00 00 00 00 00 00 00 00 00
	.he 00 00 00 00 00 00 00 00 00 00 00 00 00 00 00 00
	.he 00 00 00 00 00 00 00 00 00 00 00 00 00 00 00 00
	.he 00 00 00 00 00 00 00 00 00 00 00 00 00 00 00 00
	.he 00 00 00 00 00 00 00 00 00 00 00 00 00 00 00 00
player1
	.he 00 00 00 00 00 00 00 00 00 00 00 00 00 00 00 00
	.he 00 00 00 00 00 00 00 00 00 00 00 00 00 00 00 00
	.he 00 00 00 00 00 00 00 00 00 00 00 00 00 00 00 00
	.he 00 00 00 00 00 00 00 00 00 00 00 00 00 00 00 00
	.he 00 00 00 00 00 00 00 00 00 00 00 00 00 00 00 00
	.he 00 00 00 00 00 00 00 00 00 00 00 00 00 00 00 00
	.he 07 FF FF FD 0D 0D 0D 0F FF 0F 0F 0F 0F 0F 0F 0F
	.he 07 05 00 00 00 00 00 00 00 00 00 00 00 00 00 00
	.he 00 00 00 00 00 00 00 00 00 00 00 00 00 00 00 00
	.he 00 00 00 00 00 00 00 00 00 00 00 00 00 00 00 00
	.he 00 00 00 00 00 00 00 00 00 00 00 00 00 00 00 00
	.he 00 00 00 00 00 00 00 00 00 00 00 00 00 00 00 00
	.he 00 00 00 00 00 00 00 00 00 00 00 00 00 00 00 00
	.he 00 00 00 00 00 00 00 00 00 00 00 00 00 00 00 00
	.he 00 00 00 00 00 00 00 00 00 00 00 00 00 00 00 00
	.he 00 00 00 00 00 00 00 00 00 00 00 00 00 00 00 00
player2
	.he 00 00 00 00 00 00 00 00 07 03 C0 80 00 00 80 00
	.he 80 00 00 00 00 00 00 00 00 00 00 00 00 00 00 00
	.he 00 00 00 00 00 00 00 00 00 00 00 00 00 00 00 00
	.he 00 00 00 00 00 00 00 00 00 00 00 00 00 00 00 00
	.he 00 00 00 00 00 00 00 00 00 00 00 00 00 00 00 00
	.he 00 00 00 00 00 00 00 00 00 00 00 00 FF FF FD FD
	.he FC 00 00 00 00 00 00 00 00 00 00 7E 76 06 06 06
	.he 07 07 27 36 36 17 17 16 16 1F 1F 1F 1F 1F 1F 15
	.he 03 00 00 00 00 00 00 00 00 00 00 00 00 00 00 00
	.he 00 00 00 00 00 00 00 00 00 00 00 00 00 00 00 00
	.he 00 00 00 00 00 00 00 00 00 00 00 00 00 00 00 00
	.he 00 00 00 00 00 00 00 00 00 00 00 00 00 00 00 00
	.he 00 00 00 00 00 00 00 00 00 00 00 00 00 00 00 00
	.he 00 00 00 00 00 00 00 00 00 00 00 00 00 00 00 00
	.he 00 00 00 00 00 00 00 00 00 00 00 00 00 00 00 00
	.he 00 00 00 00 00 00 00 00 00 00 00 00 00 00 00 00
player3
	.he 00 00 00 00 00 00 00 00 00 00 00 00 00 00 00 00
	.he 00 00 00 80 80 80 80 80 80 60 70 E0 F0 F0 50 00
	.he 00 00 00 00 00 00 00 00 00 00 00 00 00 00 00 00
	.he 00 00 00 00 00 00 00 00 00 00 00 00 00 00 00 00
	.he 00 00 00 00 00 00 3E 3F 33 00 00 00 00 00 00 00
	.he 00 00 00 00 00 00 00 00 00 00 00 00 00 00 00 00
	.he 00 00 00 00 00 00 00 00 00 00 00 00 00 00 00 00
	.he 00 00 00 00 00 00 00 00 00 00 00 00 00 00 00 00
	.he 00 00 00 00 00 00 00 00 00 00 00 00 00 00 00 00
	.he 00 00 00 00 00 00 00 00 00 00 00 00 00 00 00 00
	.he 00 00 00 00 00 00 00 00 00 00 00 00 00 00 00 00
	.he 00 00 00 00 00 00 00 00 00 00 00 00 00 00 00 00
	.he 00 00 00 00 00 00 00 00 00 00 00 00 00 00 00 00
	.he 00 00 00 00 00 00 00 00 00 00 00 00 00 00 00 00
	.he 00 00 00 00 00 00 00 00 00 00 00 00 00 00 00 00
	.he 00 00 00 00 00 00 00 00 00 00 00 00 00 00 00 00
